0.000868431384098
3.879465314864495
2.688904862636059
0.803718852170259
-2.698458066600756
-2.714348492404221
2.705392027098942
2.717409686535873
0.005762195114213
-0.804959403692795
-2.683167884568153
-3.881202802165860
-2.646229139345793
-0.809173532549952
0.813906546894710
2.662512950386807
-0.007316804998882
0.022776986231727
2.041088117690458
-4.041999247654137
-2.620572461474905
-0.515951471579669
0.682081083614459
0.704711125849643
0.712387845501586
0.668122786987856
2.034397513275779
-0.513296799279472
-2.619121812611121
-4.041762160700584
-2.583368524318992
-0.508460797488290
-0.511433987575570
-2.590543355771547
2.969676437763185
2.969176724829514
-2.748225220915233
0.050081172325299
0.136793596761399
0.044814948994293
-0.393843294008367
0.319450018744406
-0.333970786663516
0.400102701462740
2.763688354460174
-0.042409436105574
-0.128675015798141
-0.050181168795264
0.059856566673530
0.022515498784990
-0.024461416646168
-0.066290806939331
-0.003980534333307
-0.003533980205844
-0.170102869057456
0.463353910716431
0.301138803352923
0.060334475325404
-0.176191291386605
-0.177771563149090
-0.178724057404235
-0.175323252544450
-0.169735409474330
0.060098522527207
0.301235228266913
0.463690231312440
0.297868074984758
0.059789645014023
0.060043032387520
0.298401490829183
-0.238811238430985
-0.238773784643554
0.264747432717551
-0.009530140169468
0.003567231626808
0.001757041549492
-0.040986270114295
-0.058277949926145
-0.057503652802255
-0.039606112831279
0.266945064895278
0.001409530443518
0.002531240249150
-0.010826164295615
-0.008754527525102
-0.001924937043802
-0.001752489514367
-0.008095918128951
-0.150189282668768
-0.150141542524343
0.000065704871481
-0.000944845222957
-0.000778958673287
-0.000237360529119
0.000526716959699
0.000885347123883
-0.000517675120427
-0.000921892493924
-0.000124478009825
0.000183307235641
0.000625833489558
0.001075670211951
0.000845641714355
0.000253414944707
-0.000166199007523
-0.000528814616427
-0.003362939036297
0.003239235614657
-0.109950423744253
0.001424784071609
0.003521009366963
0.001443795944850
0.111403234552956
-0.113878393448214
0.114066415436642
-0.111320569854597
0.110415749059958
-0.001498455989518
-0.003886576368072
-0.002369317298944
0.000667915283605
0.000614572425064
-0.000804149718654
-0.001486437990769
-0.000223609527579
-0.000208256797610
-0.000114052562463
0.004672016198558
0.429995999028810
0.128982704733218
0.681969301170406
-0.687940983379713
-0.682907823165895
0.682893280276205
0.001432236482679
0.127829625445230
0.427043349580075
-0.000027784671617
-0.428501323784122
-0.130258801171285
-0.129794297247091
-0.427078243863053
-0.001755797553522
-0.001728210606195
