0.033337147617895
4.911545195516250
2.510954430982639
0.814289354131511
0.000000000000000
-2.313855988664851
0.007935630388220
2.273667660416378
-0.069701082845473
-1.461605786530594
-5.119983302320763
-6.024663435110900
0.000000000000000
-0.883868485116173
1.395556521009084
4.323243816632989
-0.015356148385661
0.000000000000000
-0.583753522884172
-5.911768618230807
-4.143460995617656
-0.696821172811157
0.000000000000000
-2.123110376592289
-3.476722743343334
-1.417715692344578
-0.774130056112141
-1.264493730253193
-6.068021789955080
-8.647877088935749
0.000000000000000
-1.053047010481152
-0.486810013402733
-3.460794898388263
0.006694601286451
0.000000000000000
-2.744922860916032
0.249227268356717
0.092301726371877
0.033153264164268
0.000000000000000
0.506456838980171
-0.719581743674039
0.222495291843357
2.771722586941596
-0.125978402870836
-0.417777128531218
-0.189913042639411
0.000000000000000
0.053579034398725
0.076126832695762
0.253760346313452
0.002272567110775
0.000000000000000
0.039799198023107
0.681926642549479
0.405646718571175
0.068959326463990
0.000000000000000
0.126566883121971
0.037045116504955
-0.082699684853785
0.059641539042873
0.096112510018782
0.497530230023579
0.815957965535284
0.000000000000000
0.119704742921678
0.091789658961725
0.479556722440061
0.000403934869075
0.000000000000000
0.399869695601119
0.073937359541696
0.086891407237417
0.015063006845812
0.000000000000000
0.048630363818943
0.148876187119046
0.100617353255565
0.405031760457829
0.034750045357330
0.153788949361891
0.168100214856621
0.000000000000000
0.013104295595989
-0.006483251831352
0.016665115448413
-0.000505031776757
0.000000000000000
-0.002859639236228
-0.002504662627328
-0.002649302270671
-0.000554020354220
0.000000000000000
-0.001085396554152
-0.005329891599474
-0.004273660536002
-0.003082080807069
-0.000598824921233
-0.002825319107272
-0.002694221677855
0.000000000000000
0.000012942869770
0.000049598954180
-0.000667089509721
-0.006589013055582
0.000000000000000
-0.110099343392301
-0.052589840906239
0.015921098685885
0.004309440844377
0.000000000000000
-0.161130236140361
0.225002075092972
-0.064566193233922
0.109756290203709
0.022889324651241
0.081662232163999
0.045230373417168
0.000000000000000
-0.006433940083700
-0.028729158885796
-0.088989660482089
-0.000766579687697
0.000000000000000
0.006748289004920
-0.369982774347189
0.528000707445395
0.159997002097720
0.000000000000000
-1.097520852353224
0.000045201787692
1.085874137499488
-0.014546426303638
0.267234583996026
0.894893995298391
0.132923034603555
0.000000000000000
-0.213478283822322
-0.316656865853489
-1.038338966985501
-0.005211441869701
0.000000000000000
