-0.020014658248461
3.976509346612524
2.756383405357363
0.000000000000000
-2.798077878512103
-2.813699000715597
2.766464121521145
2.778277406885630
-0.015864438286809
0.000000000000000
-2.775330211784659
-4.014825827725671
-2.736794717417227
0.000000000000000
0.000000000000000
2.729748055835914
-0.031038672964862
0.000000000000000
-0.660649686181167
-6.447127489422782
-4.227163301313435
0.000000000000000
-1.743084846416092
-1.709439990040412
-1.757316355682485
-1.785049474752110
-0.671012122641959
0.000000000000000
-4.257268363244638
-6.492820539646770
-4.207198523837509
0.000000000000000
0.000000000000000
-4.185528944677242
0.000447862270814
0.000000000000000
-2.745804729656635
0.054285123088660
0.139761221314005
0.000000000000000
-0.391853025573045
0.321248646781924
-0.330265962496190
0.404227755682628
2.767704028443668
0.000000000000000
-0.127680132741135
-0.048746503360913
0.060713000478891
0.000000000000000
0.000000000000000
-0.063592671738738
-0.000457988590167
0.000000000000000
0.047196350046727
0.659333854609715
0.431996224047581
0.000000000000000
0.018573064042021
0.016163597706325
0.019693939995698
0.021711354150093
0.047860353734375
0.000000000000000
0.434633018240666
0.663368593875986
0.430137373206936
0.000000000000000
0.000000000000000
0.428351791046440
-0.000033314544922
0.000000000000000
0.401319980933583
0.108559379581467
0.082655074346804
0.000000000000000
0.082209723154581
0.063864380312811
0.067440368378571
0.084994150488266
0.403704271137534
0.000000000000000
0.083197619160503
0.109559913298914
0.070895057106992
0.000000000000000
0.000000000000000
0.070106858250106
-0.000045157017992
0.000000000000000
-0.002880727975100
-0.003521281834590
-0.002505016415365
0.000000000000000
-0.002110322678067
-0.001729323093940
-0.003234047685405
-0.003630450123879
-0.003074765255553
0.000000000000000
-0.001093386940257
-0.001491227092925
-0.000852224634420
0.000000000000000
0.000000000000000
-0.002235891858400
-0.006601988096444
0.000000000000000
-0.109786920169517
0.001633728389227
0.003666024683727
0.000000000000000
0.111539691023476
-0.113748262922547
0.114270902301509
-0.111103213393026
0.110631163224902
0.000000000000000
-0.003815322587369
-0.002264307098229
0.000734519860690
0.000000000000000
0.000000000000000
-0.001350380903789
-0.000015785559630
0.000000000000000
0.001465995936790
0.005919512493532
0.441779742386297
0.000000000000000
0.700957388651809
-0.704090352597669
-0.698962866751125
0.701860554571139
0.003053185166600
0.000000000000000
0.438832059532518
0.001215881880517
-0.438662661724056
0.000000000000000
0.000000000000000
-0.437281778196277
-0.000027824693658
0.000000000000000
